"","Semana","R no Brasil","Python no Brasil","SPSS no Brasil","GraphPad no Brasil","SAS no Brasil","R no mundo","Python no mundo","SPSS no mundo","GraphPad no mundo","SAS no mundo"
"1",2021-01-03,21,46,1,0,1,13,78,4,NA,2
"2",2021-01-10,24,68,2,NA,1,14,82,4,NA,2
"3",2021-01-17,21,61,1,0,2,15,87,4,NA,2
"4",2021-01-24,27,68,1,0,2,16,87,3,NA,2
"5",2021-01-31,25,65,2,NA,1,15,90,3,NA,2
"6",2021-02-07,26,62,1,NA,2,16,89,3,NA,2
"7",2021-02-14,28,61,2,NA,1,15,85,4,NA,2
"8",2021-02-21,26,75,1,NA,1,16,90,4,NA,2
"9",2021-02-28,31,71,NA,0,2,16,91,4,NA,2
"10",2021-03-07,28,78,1,0,2,15,93,4,NA,2
"11",2021-03-14,26,75,2,0,1,15,98,4,NA,2
"12",2021-03-21,21,80,1,0,1,16,92,4,NA,2
"13",2021-03-28,23,76,1,NA,1,15,87,4,NA,2
"14",2021-04-04,22,78,1,1,1,15,92,4,NA,2
"15",2021-04-11,27,70,1,0,1,16,91,4,NA,2
"16",2021-04-18,28,88,1,NA,2,16,95,4,NA,2
"17",2021-04-25,28,88,1,1,1,16,93,4,NA,2
"18",2021-05-02,26,97,2,0,1,16,88,4,NA,2
"19",2021-05-09,27,89,2,0,2,16,92,4,NA,2
"20",2021-05-16,28,93,2,0,1,15,93,4,NA,2
"21",2021-05-23,33,92,1,NA,1,16,90,4,NA,2
"22",2021-05-30,25,78,2,0,2,15,87,4,NA,2
"23",2021-06-06,22,81,1,1,2,14,90,4,NA,2
"24",2021-06-13,30,87,1,1,3,15,90,4,NA,2
"25",2021-06-20,21,93,2,1,1,15,89,4,NA,2
"26",2021-06-27,26,85,1,NA,2,13,83,4,NA,2
"27",2021-07-04,26,85,1,0,NA,13,84,4,NA,2
"28",2021-07-11,29,74,1,0,1,14,90,3,NA,2
"29",2021-07-18,25,82,2,1,1,13,82,3,NA,2
"30",2021-07-25,26,70,2,0,2,13,86,3,NA,2
"31",2021-08-01,26,77,1,1,NA,13,82,3,NA,2
"32",2021-08-08,28,87,1,0,3,13,83,3,NA,2
"33",2021-08-15,29,86,1,0,1,13,82,3,NA,2
"34",2021-08-22,21,88,2,NA,1,14,83,3,NA,2
"35",2021-08-29,32,87,1,0,1,14,87,3,NA,2
"36",2021-09-05,27,79,NA,1,4,15,91,3,NA,2
"37",2021-09-12,24,95,1,0,2,16,100,3,NA,3
"38",2021-09-19,31,100,2,NA,1,17,100,3,NA,2
"39",2021-09-26,22,93,1,NA,1,16,100,3,NA,2
"40",2021-10-03,28,74,2,0,1,16,84,3,NA,2
"41",2021-10-10,25,70,NA,0,1,17,81,3,NA,2
"42",2021-10-17,25,71,NA,NA,1,17,86,3,NA,2
"43",2021-10-24,27,70,1,NA,2,17,85,3,NA,2
"44",2021-10-31,29,65,2,0,NA,17,76,3,NA,2
"45",2021-11-07,24,65,1,NA,2,16,80,3,NA,2
"46",2021-11-14,24,78,1,0,2,17,86,3,NA,2
"47",2021-11-21,26,64,1,0,1,15,81,3,NA,2
"48",2021-11-28,25,69,1,NA,1,17,83,3,NA,2
"49",2021-12-05,26,68,2,NA,1,17,81,4,NA,2
"50",2021-12-12,24,64,1,0,NA,16,81,3,NA,2
"51",2021-12-19,29,66,0,0,1,14,72,3,NA,1
"52",2021-12-26,25,53,0,0,0,13,46,2,0,1
